Tech,.NET Core / .NET 5,.NET Framework,ANY,ANY CLOUD,ANY ENTERPRISE,APL,ASP.NET,ASP.NET Core ,AWS,Android Studio,Angular,Angular.js,Ansible,Apache Spark,Assembly,Atom,Bash/Shell,C,C#,C++,COBOL,Cassandra,Chef,Clojure,Cordova,Couchbase,Crystal,Dart,Delphi,Deno,DigitalOcean,Django,Docker,Drupal,DynamoDB,Eclipse,Elasticsearch,Elixir,Emacs,Erlang,Express,F#,FastAPI,Firebase,Flask,Flow,Flutter,Gatsby,Git,Go,Google Cloud Platform,Groovy,HTML/CSS,Hadoop,Haskell,Heroku,IBM Cloud or Watson,IBM DB2,IPython/Jupyter,IntelliJ,Java,JavaScript,Julia,Keras,Kotlin,Kubernetes,LISP,Laravel,MariaDB,Matlab,Microsoft Azure,Microsoft SQL Server,MongoDB,MySQL,NA,Neovim,NetBeans,Node.js,Notepad++,NumPy,Objective-C,Oracle,Oracle Cloud Infrastructure,PHP,PHPStorm,Pandas,Perl,PostgreSQL,PowerShell,Pulumi,Puppet,PyCharm,Python,Qt,R,RStudio,React Native,React.js,Redis,Rider,Ruby,Ruby on Rails,RubyMine,Rust,SQL,SQLite,Scala,Spring,Sublime Text,Svelte,Swift,Symfony,TensorFlow,Terraform,TextMate,Torch/PyTorch,TypeScript,Unity 3D,Unreal Engine,VBA,Vim,Visual Studio,Visual Studio Code,Vue.js,Webstorm,Xamarin,Xcode,Yarn,jQuery
.NET Core / .NET 5,15310,11440,15310,10355,1528,121,7245,10396,4660,3708,4566,2225,770,466,1045,1455,3726,3043,14135,4033,132,366,215,143,846,241,141,880,497,267,1437,1106,6900,307,935,2370,1884,193,500,129,2451,634,334,1889,1275,250,1202,396,13237,1296,2660,382,9780,332,360,1728,277,347,1167,3606,4708,11143,130,635,1207,2443,198,933,2118,633,7628,9869,3694,6114,5745,519,1295,5597,7113,2088,512,2111,241,3035,1026,1576,353,4611,4201,146,258,2337,5767,964,570,456,1296,4702,2788,2446,643,483,180,1009,9670,5048,286,1206,2395,346,756,388,1217,1030,137,698,6756,2493,788,1439,2580,13102,13057,2511,1370,2068,1746,2180,5518
.NET Framework,11440,16620,16620,10274,1630,180,8878,8242,4756,4492,4503,2662,795,521,1253,1884,3860,3710,14745,4861,182,401,255,139,994,272,176,900,649,227,1444,1252,6214,402,867,3229,1776,189,556,134,2513,483,337,2117,1357,287,1264,371,13719,1136,2876,419,10608,387,332,1836,322,460,1375,3929,5543,11818,134,700,1283,2080,220,1167,2448,819,7195,10592,3715,7207,7351,475,1824,5666,8469,2353,615,2677,280,3866,1224,1750,453,4384,4354,118,283,2713,6345,1188,659,539,1335,4487,2504,1872,702,518,203,815,10774,5541,298,1291,2986,310,826,477,1408,827,154,755,6130,2859,921,1922,2762,14506,13339,2473,1345,2101,1903,2028,6748
ANY,15310,16620,83439,45156,8016,536,9918,11404,29138,18141,14471,7242,5607,2833,4632,10564,22385,17329,22984,20057,437,1873,982,1552,3491,1106,466,4965,1731,1027,9495,9446,35644,1508,5137,12955,9331,1438,4327,651,15010,804,2447,11373,10174,929,6586,2501,68171,7879,16687,2479,46259,2155,1749,12897,1373,1438,10310,23467,29162,53587,1068,4930,6866,12115,1096,6377,12088,3846,16540,18896,19479,35289,57621,4071,5839,27975,24262,16445,2310,8868,1014,18130,6096,13664,2028,28424,8871,368,1313,15755,39792,4812,4185,3200,7051,25296,14552,3255,5569,4438,1219,5799,38835,22634,2148,9177,16714,1735,4204,2427,8034,5442,678,4808,24909,7206,2339,3847,19752,26970,58026,11954,6564,2844,9040,12937,21693
ANY CLOUD,10355,10274,45156,45156,4812,291,6948,8476,29138,11082,10126,5273,4147,2218,2202,5809,13683,8166,14124,9339,270,1491,842,1189,2531,850,296,3273,824,704,6948,5939,25375,1059,5031,6870,7541,1096,2482,478,10351,582,1857,8433,6762,694,4367,1900,39707,5735,16687,1742,26570,1631,923,8390,1042,886,5997,14139,16419,32242,513,3135,4390,10063,591,4049,7323,1868,16540,12847,13446,21457,22325,2310,3291,18793,13143,9262,1518,5243,713,10414,3703,8309,1164,19630,6084,357,1012,8853,21869,2233,2349,1801,5077,17124,11393,2221,4039,3349,927,3092,24000,13609,1615,6027,9715,1165,2680,1566,5141,5208,482,3117,17298,3760,1349,2110,11903,15402,33609,7876,4407,2060,6169,9188,13231
ANY ENTERPRISE,1528,1630,8016,4812,8016,54,926,1134,2976,1221,1686,720,792,530,349,767,2618,1528,2124,1812,63,291,157,143,242,148,37,252,87,82,619,676,4002,92,772,1586,1074,70,466,52,1237,81,248,695,1090,92,346,182,6835,945,1322,488,3665,430,99,737,223,325,1141,2740,3366,4597,104,506,606,1789,107,232,785,317,2214,2060,1727,2740,5573,328,413,2428,2778,1706,203,1468,176,847,231,1606,309,2569,1103,33,159,1421,4109,384,458,364,481,2255,1328,235,410,256,74,552,3661,1921,350,1500,1371,135,344,111,785,708,58,503,2492,362,126,446,2310,2493,5563,756,515,215,750,944,1631
APL,121,180,536,291,54,536,91,85,206,175,145,90,111,79,135,100,173,175,137,160,69,116,58,73,68,56,64,71,83,52,103,81,163,48,71,102,76,66,98,65,91,61,65,94,73,60,66,45,280,74,145,59,234,57,81,86,76,72,94,122,169,265,64,57,77,89,83,64,88,88,136,142,105,177,369,62,72,135,160,109,65,112,77,120,59,98,65,142,95,44,49,96,211,70,83,65,67,120,77,50,77,56,48,81,216,138,63,72,90,43,78,52,78,60,52,70,144,76,53,79,122,166,238,72,69,62,93,86,120
ASP.NET,7245,8878,9918,6948,926,91,9918,7039,3150,2771,3406,2219,453,349,670,1106,2097,1872,9126,2387,134,265,156,87,747,221,134,613,381,150,941,803,3903,332,589,1970,1267,125,283,87,1660,283,223,1492,760,211,821,301,8251,629,1798,244,7229,291,174,1179,242,338,785,2208,3202,8048,69,412,709,1380,130,827,1446,461,5293,7852,2519,4680,3375,217,1262,3710,5313,1160,377,1919,195,2428,810,958,278,2822,2878,84,200,1426,3234,511,402,337,945,3092,1779,1117,444,386,147,325,7451,3425,180,893,1903,213,523,359,785,555,122,404,4343,1304,452,1289,1486,9025,8287,1745,868,1489,1277,1358,5230
ASP.NET Core ,10396,8242,11404,8476,1134,85,7039,11404,3732,2718,4106,1976,587,357,628,940,2579,1824,10772,2419,114,294,163,104,696,208,111,685,355,207,1149,824,5520,266,769,1649,1607,158,286,112,1961,493,279,1547,870,212,898,351,9989,918,2002,261,7783,266,225,1329,227,291,778,2449,3216,8911,74,425,826,2085,120,776,1541,401,6599,8591,2974,4651,3329,311,977,4362,5316,1239,380,1688,184,2220,794,1037,235,3715,3333,127,198,1493,3712,504,396,324,1036,3838,2402,1932,482,412,153,591,7919,3794,213,962,1734,299,560,330,776,880,119,431,5775,1406,474,1030,1748,10032,9980,2129,1115,1655,1334,1800,4690
AWS,4660,4756,29138,29138,2976,206,3150,3732,29138,6868,6374,3570,3368,1648,1405,3992,9866,5256,6801,5843,175,1185,732,996,1711,666,231,1874,510,513,5461,4414,18609,826,4922,4514,6050,922,1940,401,7514,318,1418,4994,4902,476,2612,1426,26095,4378,8533,1341,16935,1239,666,6220,755,575,3994,9887,11045,21209,364,2028,2871,7283,452,3068,5284,1118,7046,6348,9546,14978,15227,1743,2103,13075,7546,6179,1098,3343,504,7249,2757,5623,894,14977,3205,282,833,6115,14933,1442,1580,1190,3724,12291,8957,1236,3434,2903,796,2258,15436,8880,1280,4476,6860,820,1839,1193,3395,4392,390,2116,11352,2177,837,1152,8980,7488,21202,5584,3124,951,4219,6842,8585
Android Studio,3708,4492,18141,11082,1221,175,2771,2718,6868,18141,4737,2718,1075,670,1578,4051,4627,5474,6098,6028,149,526,289,196,2156,374,121,3456,464,352,2752,2750,7622,587,1229,5440,1908,287,855,167,4828,187,598,6037,2687,375,4457,723,15518,1787,5884,708,11730,599,437,4130,523,385,2848,8464,10836,13262,195,1545,4581,2498,250,2395,3765,1212,4084,4637,5963,10626,9440,798,3135,8144,7294,4073,1249,2680,360,6132,2233,3218,473,6450,2238,79,344,4879,9158,1519,912,851,3598,6840,3108,976,1117,905,347,1092,9590,8132,423,2668,5379,468,2081,817,2644,865,254,1342,6643,2988,1052,1100,4339,7833,14199,3351,2432,1369,4946,3608,6425
Angular,4566,4503,14471,10126,1686,145,3406,4106,6374,4737,14471,4454,1199,595,685,2095,3553,2470,5884,2948,134,582,286,159,2166,402,111,1182,339,322,2109,1753,7912,520,1301,3355,2398,198,530,128,4484,217,480,3469,1654,258,1646,677,12848,1433,3885,620,10800,493,276,2800,406,518,1327,5487,6546,12533,105,700,1468,2995,162,1778,2867,610,4935,5486,5525,7780,7021,463,1724,7768,5530,2034,496,2687,255,4215,1613,1769,341,6079,2269,104,353,2442,5466,677,593,452,1925,5460,3242,963,837,747,258,687,8603,4445,450,3299,3336,481,867,756,1325,1059,197,672,10834,1296,492,855,3122,6231,12062,2979,2476,921,2423,3034,5728
Angular.js,2225,2662,7242,5273,720,90,2219,1976,3570,2718,4454,7242,675,428,510,1571,2025,1694,3103,1933,122,364,244,101,1246,263,85,599,257,191,1273,1148,3844,462,788,2262,1373,150,393,112,2460,142,272,1834,1009,208,915,430,6377,752,2194,372,5611,357,187,1562,313,333,821,2801,3574,6581,78,427,785,1482,134,1196,1691,453,2501,2989,3040,4584,3255,272,1312,4223,3371,1207,414,1629,193,2773,1042,1017,305,3136,1317,67,302,1409,3104,508,400,315,1322,3422,1852,423,668,620,197,350,4691,2761,295,1556,2346,270,586,571,838,579,169,502,4245,889,391,616,1893,3469,5938,2005,1193,620,1457,1816,4162
Ansible,770,795,5607,4147,792,111,453,587,3368,1075,1199,675,5607,469,382,784,3133,1242,1096,1229,76,472,455,278,299,243,91,288,136,159,1241,1073,4665,271,740,909,1956,255,641,149,1112,105,399,616,1313,135,401,271,5158,1496,1622,583,2880,409,202,806,208,198,814,2195,2354,3640,88,343,547,2419,177,538,1606,228,1437,1134,1751,2750,3467,600,388,2147,1402,1228,194,852,193,1439,586,1092,414,3439,869,126,472,1391,3569,418,285,231,523,1933,2311,300,863,670,221,742,3020,2004,368,1142,1194,207,275,406,587,1695,135,388,1811,335,180,233,2815,1093,3766,1146,590,179,642,1273,1568
Apache Spark,466,521,2833,2218,530,79,349,357,1648,670,595,428,469,2833,253,574,1186,713,617,771,74,417,149,152,211,164,59,173,88,91,394,594,1896,126,500,763,812,93,288,84,501,82,280,448,815,110,276,124,2483,480,994,249,1287,1193,132,457,206,173,1115,1498,1584,1562,111,635,331,1035,113,253,573,275,939,890,976,1589,1052,205,398,902,1024,1423,122,690,133,590,249,1483,154,1517,434,63,153,1148,2183,241,485,403,299,851,839,131,236,199,92,264,1885,964,840,680,841,107,169,132,807,512,86,575,753,254,135,210,1098,794,1886,416,304,142,316,605,776
Assembly,1045,1253,4632,2202,349,135,670,628,1405,1578,685,510,382,253,4632,1002,2738,3712,1761,3291,172,185,112,122,240,127,104,415,321,132,646,774,2036,163,255,1509,455,140,581,150,924,134,192,757,893,99,510,134,3967,749,1091,194,2946,226,446,855,204,182,967,1744,2634,3112,181,531,580,606,333,378,1039,890,935,1091,1292,2374,2955,515,748,1846,1977,1649,333,746,141,1469,407,1134,394,1697,950,47,147,1344,3351,866,529,337,499,1355,698,256,426,264,103,855,2540,1922,220,505,1262,132,388,207,894,228,92,591,1256,871,391,496,1877,2162,3348,747,435,302,658,623,1423
Atom,1455,1884,10564,5809,767,100,1106,940,3992,4051,2095,1571,784,574,1002,10564,3333,3434,2647,3654,121,376,240,187,787,250,100,966,226,235,1664,2095,4518,418,751,3736,1330,193,805,125,2717,113,434,2325,2093,234,1330,450,9036,1076,2920,429,7244,456,315,2855,367,264,2513,4413,5016,7765,317,1130,1164,1526,196,1287,2324,943,2012,2120,3538,6181,6472,639,2010,4594,4622,3320,510,1573,247,3580,1351,2718,378,3923,1302,72,296,3721,6650,1085,898,796,1447,3888,1988,441,1087,880,322,612,5543,4018,340,1353,4343,285,824,508,1823,607,262,1035,2913,1677,666,685,3588,4028,7882,1987,1417,484,1881,2127,4213
Bash/Shell,3726,3860,22385,13683,2618,173,2097,2579,9866,4627,3553,2025,3133,1186,2738,3333,22385,7113,5650,7255,221,753,525,645,958,461,223,1255,455,434,3279,3213,13779,599,2032,3840,3870,576,2120,363,4583,329,1000,2679,4146,312,1549,849,20467,3788,5349,1391,13968,904,908,3491,528,540,3791,7493,9280,15460,470,1686,2147,5230,668,1588,4755,1487,4759,4546,5807,9883,14556,2104,1488,9436,6525,5948,831,2707,424,5499,1786,4829,1331,9981,4453,190,728,5114,14577,2083,1586,1080,1863,7191,5453,1054,2282,1584,445,2659,12661,7655,992,2940,4808,646,1242,937,2818,2838,301,1825,7463,2034,743,1223,9804,6131,15526,3655,1945,714,2632,4314,6120
C,3043,3710,17329,8166,1528,175,1872,1824,5256,5474,2470,1694,1242,713,3712,3434,7113,17329,5575,11818,246,497,283,262,749,301,161,1490,567,325,2120,2814,7098,407,894,4860,1587,310,1625,273,3297,258,615,2808,3152,222,1900,439,14495,2335,3943,592,10171,687,925,3003,488,402,3455,5849,8776,10845,436,1888,1865,2129,619,1261,3251,2227,3064,3366,4517,8670,11479,1488,2348,6160,6539,5776,976,2463,309,4685,1283,4196,1018,5748,2332,67,354,4819,11960,2571,1461,1029,1621,4818,2545,704,1223,787,253,2366,8447,6727,545,1804,4592,405,1176,561,3017,760,194,1886,4178,2416,1012,1134,6301,7055,12391,2324,1437,761,2220,2253,4816
C#,14135,14745,22984,14124,2124,137,9126,10772,6801,6098,5884,3103,1096,617,1761,2647,5650,5575,22984,7100,236,501,265,227,1201,337,209,1563,766,340,2242,2030,9313,452,1314,4089,2545,300,736,197,3934,639,486,3155,2200,315,1980,581,19289,1961,4121,600,14833,497,546,2942,397,495,2069,5900,8218,16624,213,1118,2003,3151,301,1667,3436,1187,9316,12754,5539,9867,10956,745,2188,8535,10366,3618,859,3187,279,5415,1712,2734,562,6767,5333,160,337,4048,9697,1484,958,707,1974,6802,3804,2874,1077,753,270,1475,14186,7451,452,1964,4071,499,1207,636,2097,1293,179,1163,8990,4781,1306,2066,4073,18316,18819,3680,2049,2457,2700,3120,8235
C++,4033,4861,20057,9339,1812,160,2387,2419,5843,6028,2948,1933,1229,771,3291,3654,7255,11818,7100,20057,232,528,274,246,825,308,153,1639,636,363,2163,3040,7963,431,992,4984,1682,284,1531,241,3723,290,651,3156,3343,267,2085,470,16666,2372,4371,613,11385,733,840,3342,504,422,3863,6505,9538,12326,482,2200,2049,2316,525,1443,3395,2349,3648,4185,5150,9555,13333,1441,2484,7057,7833,6654,1014,2584,315,5125,1446,4765,907,6219,2817,71,348,5563,13543,3393,1570,1100,1798,5522,2719,926,1156,756,268,2398,9317,7268,562,1960,5124,416,1259,580,3575,795,207,2268,4952,3191,1424,1331,6452,9423,14697,2658,1621,970,2476,2479,5392
COBOL,132,182,437,270,63,69,134,114,175,149,134,122,76,74,172,121,221,246,236,232,437,62,59,67,80,53,69,71,121,41,88,96,212,67,60,196,98,57,76,62,110,65,49,93,82,42,58,44,318,86,154,77,302,68,65,91,64,149,88,165,273,319,60,57,88,103,74,79,135,84,180,223,151,276,241,50,128,186,237,109,76,183,59,198,76,101,99,199,139,34,59,117,221,65,84,59,76,142,88,48,91,63,37,70,315,207,73,121,137,45,81,51,84,63,41,67,174,72,54,149,166,217,284,99,82,65,96,87,205
Cassandra,366,401,1873,1491,291,116,265,294,1185,526,582,364,472,417,185,376,753,497,501,528,62,1873,161,125,172,197,61,169,102,86,382,338,1399,116,369,543,849,119,207,102,461,76,165,370,428,86,213,111,1611,536,707,217,886,351,109,380,145,127,374,1048,1144,1204,74,239,297,913,86,193,545,150,614,541,839,1052,919,147,264,769,604,516,121,465,106,448,194,495,142,1146,278,53,166,531,1053,163,191,160,261,705,870,135,256,198,88,241,1039,658,344,636,515,95,150,125,363,394,76,241,645,177,114,137,742,512,1216,364,284,126,279,408,584
Chef,215,255,982,842,157,58,156,163,732,289,286,244,455,149,112,240,525,283,265,274,59,161,982,76,121,97,60,80,64,84,256,225,782,109,247,266,425,82,153,72,255,49,85,177,239,89,123,91,890,313,374,153,532,143,66,261,95,86,159,429,473,664,45,92,150,482,62,143,310,70,348,314,384,605,490,144,145,431,326,224,89,221,90,293,141,205,125,578,234,67,250,250,570,106,89,88,169,425,471,82,374,262,110,147,560,394,123,247,313,71,102,109,161,429,76,118,354,119,86,87,507,287,680,241,151,95,184,282,383
Clojure,143,139,1552,1189,143,73,87,104,996,196,159,101,278,152,122,187,645,262,227,246,67,125,76,1552,66,69,67,114,68,62,300,153,1030,48,275,132,383,139,777,105,220,89,76,183,195,44,114,90,1357,298,423,123,639,84,164,310,64,65,176,746,642,878,94,101,201,475,236,76,204,74,252,191,296,401,1123,212,72,458,139,258,84,158,62,176,67,236,99,976,134,54,69,183,633,93,124,81,189,812,459,62,227,162,54,225,656,401,177,215,214,76,111,57,137,317,56,111,393,103,64,69,541,181,756,173,103,52,155,303,204
Cordova,846,994,3491,2531,242,68,747,696,1711,2156,2166,1246,299,211,240,787,958,749,1201,825,80,172,121,66,3491,184,61,433,153,131,758,468,1797,277,337,1036,627,84,177,64,1413,64,147,1350,474,124,660,220,3068,355,1309,160,2793,179,99,905,176,149,348,1241,1561,3196,54,241,428,668,76,792,1082,210,1097,1193,1503,2352,934,153,679,2254,1505,537,333,662,124,1678,658,458,158,1419,491,44,153,621,1332,298,178,146,860,1424,886,151,272,254,95,151,2111,1597,116,618,1177,180,424,350,426,236,113,234,2328,477,201,319,868,1388,2874,1090,690,396,1385,965,1920
Couchbase,241,272,1106,850,148,56,221,208,666,374,402,263,243,164,127,250,461,301,337,308,53,197,97,69,184,1106,50,124,63,82,272,187,814,96,227,319,435,77,135,77,390,61,100,318,238,75,161,94,962,313,444,121,651,163,72,275,116,105,162,551,604,828,54,128,183,466,61,163,356,97,388,365,553,628,524,106,180,588,385,247,102,263,70,348,167,239,98,592,191,41,115,276,569,117,101,82,214,476,457,84,160,129,66,132,634,505,132,317,330,89,137,126,201,205,63,142,525,119,81,114,407,363,801,296,215,110,245,292,424
Crystal,141,176,466,296,37,64,134,111,231,121,111,85,91,59,104,100,223,161,209,153,69,61,60,67,61,50,466,86,84,53,146,72,254,45,69,92,118,116,69,70,94,61,51,85,77,45,77,45,360,145,122,60,308,50,72,145,58,51,58,106,159,355,63,57,89,107,59,60,117,63,129,178,127,215,291,97,66,186,141,86,70,97,54,153,51,78,72,255,113,35,45,68,215,58,80,49,72,152,169,39,233,165,60,120,298,191,64,55,130,62,85,46,79,75,40,54,180,75,48,108,158,185,298,124,50,66,90,132,170
Dart,880,900,4965,3273,252,71,613,685,1874,3456,1182,599,288,173,415,966,1255,1490,1563,1639,71,169,80,114,433,124,86,4965,147,212,976,891,2253,135,369,1055,546,182,236,106,1587,102,261,2454,929,109,4364,279,4406,905,2109,214,3204,165,180,1376,179,93,769,2222,2540,3646,111,492,1312,770,102,727,1067,338,1068,1067,1892,2701,1949,335,670,2477,1462,1172,321,602,110,1576,595,996,120,1953,572,47,98,1278,2726,412,282,205,972,2031,999,284,385,298,126,549,2507,2308,154,655,1279,272,658,220,832,280,69,401,2054,809,293,242,1149,1828,4224,1161,669,338,1388,1123,1474
Delphi,497,649,1731,824,87,83,381,355,510,464,339,257,136,88,321,226,455,567,766,636,121,102,64,68,153,63,84,147,1731,52,209,188,568,119,96,453,196,74,108,71,219,77,63,277,167,55,159,55,1172,181,338,104,898,77,84,176,75,142,130,365,596,959,70,85,160,184,95,188,464,158,467,905,341,912,1203,69,296,461,914,212,139,456,81,633,201,174,163,627,340,35,63,275,573,195,118,125,147,328,242,100,151,108,56,103,1155,826,89,201,346,58,129,120,142,79,64,88,452,159,86,334,322,810,952,238,149,196,242,202,654
Deno,267,227,1027,704,82,52,150,207,513,352,322,191,159,91,132,235,434,325,340,363,41,86,84,62,131,82,53,212,52,1027,322,212,717,67,152,204,203,105,142,59,606,57,111,345,232,90,273,175,959,315,403,61,785,73,104,386,92,66,170,403,412,919,60,112,185,337,63,146,292,82,302,223,550,517,455,185,120,810,266,255,81,123,67,315,147,213,57,567,222,65,97,235,568,123,77,68,276,670,405,103,159,141,66,370,490,464,85,170,279,232,130,86,201,155,58,124,794,210,128,90,403,354,905,414,236,115,217,491,345
DigitalOcean,1437,1444,9495,6948,619,103,941,1149,5461,2752,2109,1273,1241,394,646,1664,3279,2120,2242,2163,88,382,256,300,758,272,146,976,209,322,9495,1896,6068,428,895,1404,1951,459,671,198,3301,155,603,2223,1885,218,1312,754,8611,1737,3338,324,6497,294,313,2966,339,209,1185,3037,3274,7727,163,677,950,2211,227,1975,2652,434,2275,1918,3773,5636,4476,825,881,4984,2375,1969,447,948,251,3685,1568,1725,326,5310,1085,103,360,2093,4917,650,515,367,1659,4543,3560,520,1272,1104,342,1059,5287,3939,292,1072,2738,488,741,657,1175,1032,185,715,3931,925,403,421,3227,2448,7283,2819,1415,404,1698,2814,3564
Django,1106,1252,9446,5939,676,81,803,824,4414,2750,1753,1148,1073,594,774,2095,3213,2814,2030,3040,96,338,225,153,468,187,72,891,188,212,1896,9446,5350,357,798,1862,1552,201,656,136,2216,95,990,1865,3881,176,1301,478,8420,1355,2835,287,6238,539,313,2954,345,207,2754,3125,3598,6948,166,1404,909,1825,200,1025,1945,795,1872,1761,3283,5466,4517,645,1038,3686,2723,4168,328,1188,202,2421,817,3752,334,5716,1106,78,276,4616,8732,1152,811,631,1244,3906,2766,353,730,643,232,759,5203,4913,288,1042,3018,297,528,377,2122,813,133,1262,2687,1103,443,505,3260,2707,7209,1977,1062,324,1128,1845,3248
Docker,6900,6214,35644,25375,4002,163,3903,5520,18609,7622,7912,3844,4665,1896,2036,4518,13779,7098,9313,7963,212,1399,782,1030,1797,814,254,2253,568,717,6068,5350,35644,933,3782,5400,7412,1085,2432,473,8690,470,1838,5083,6255,552,3066,1631,33439,6011,9410,1790,20417,1438,967,6498,776,734,5013,13014,13871,25370,451,2532,3488,11080,600,3306,7122,1467,8941,8232,11363,16793,20517,2544,2317,15499,9367,7892,1004,4291,540,8355,3446,6916,1114,18737,4685,316,1027,7762,19168,2216,1794,1300,3859,14068,11097,1986,3647,2972,868,3541,19010,11209,1558,5998,7425,1106,1781,1676,4264,4823,392,2638,14472,2653,1003,1305,11922,9762,26627,7065,3951,1268,4287,8530,9599
Drupal,307,402,1508,1059,92,48,332,266,826,587,520,462,271,126,163,418,599,407,452,431,67,116,109,48,277,96,45,135,119,67,428,357,933,1508,187,508,391,64,151,62,481,52,103,380,283,78,213,183,1342,204,528,90,1220,112,70,407,123,102,200,525,612,1310,43,117,152,334,75,510,747,141,463,516,596,1258,775,90,379,823,700,292,134,346,89,1172,550,237,171,728,270,44,151,352,722,164,143,125,301,708,470,83,224,223,84,110,1042,692,79,268,591,105,154,430,178,165,106,127,598,207,114,204,594,557,1090,537,273,164,361,456,1029
DynamoDB,935,867,5137,5031,772,71,589,769,4922,1229,1301,788,740,500,255,751,2032,894,1314,992,60,369,247,275,337,227,69,369,96,152,895,798,3782,187,5137,827,1812,177,403,115,1685,102,349,1123,1077,133,502,406,4688,1176,1609,406,2959,360,158,1039,186,164,753,2200,2284,3928,84,376,662,1646,114,456,959,200,1271,1219,2006,2631,2365,343,406,2964,1231,1135,249,658,137,1062,439,1106,192,2883,704,129,232,1212,2919,251,273,223,860,2640,2116,309,663,505,177,467,2809,1510,397,1086,1260,206,386,239,668,1528,116,403,2581,379,188,214,1755,1263,3913,1051,747,187,816,1417,1367
Eclipse,2370,3229,12955,6870,1586,102,1970,1649,4514,5440,3355,2262,909,763,1509,3736,3840,4860,4089,4984,196,543,266,132,1036,319,92,1055,453,204,1404,1862,5400,508,827,12955,1619,139,886,125,2684,134,358,2564,1824,230,1494,328,10829,1061,3123,712,8255,721,336,2409,469,659,2446,6386,10032,9038,147,1137,1440,1987,243,1319,2749,1230,2776,3792,4022,8152,8178,516,3487,4887,7460,3220,609,3501,337,4147,1433,2546,585,4777,1795,68,320,3814,6967,1290,913,885,1467,3880,1988,466,741,582,244,583,7737,4762,446,3668,4555,233,781,577,1855,609,238,1014,3716,1903,742,1156,3846,5891,9685,1858,1418,787,1968,1880,5233
Elasticsearch,1884,1776,9331,7541,1074,76,1267,1607,6050,1908,2398,1373,1956,812,455,1330,3870,1587,2545,1682,98,849,425,383,627,435,118,546,196,203,1951,1552,7412,391,1812,1619,9331,382,734,201,2421,172,637,1611,1884,187,755,493,8603,2053,2969,711,5473,663,253,1820,294,285,1315,3860,4055,6967,119,708,1028,3771,196,1054,2382,360,2691,2556,3758,5080,4905,643,742,4362,2667,1987,343,1437,215,2522,1167,1895,420,5621,1375,130,517,2181,5040,488,469,354,1153,3964,4897,594,1460,1193,376,868,5641,3133,667,2076,2364,309,515,700,1177,1953,186,748,3993,622,259,406,3428,2479,6690,2122,1251,375,1214,2498,3052
Elixir,193,189,1438,1096,70,66,125,158,922,287,198,150,255,93,140,193,576,310,300,284,57,119,82,139,84,77,116,182,74,105,459,201,1085,64,177,139,382,1438,223,405,369,102,109,211,236,64,193,137,1281,452,448,80,813,76,174,465,72,55,142,429,362,1082,89,108,197,515,112,135,252,77,269,208,375,536,911,298,81,628,171,240,110,114,64,286,115,217,92,1184,162,47,73,207,660,89,104,64,262,706,651,95,560,469,119,338,728,451,122,140,298,150,157,75,164,331,61,112,605,135,77,73,581,231,1090,361,149,66,228,538,292
Emacs,500,556,4327,2482,466,98,283,286,1940,855,530,393,641,288,581,805,2120,1625,736,1531,76,207,153,777,177,135,69,236,108,142,671,656,2432,151,403,886,734,223,4327,156,644,108,202,445,756,100,325,162,3849,730,997,210,2012,210,401,671,137,144,836,1406,1638,2358,203,368,436,934,653,248,783,334,677,602,924,1519,3090,672,418,1250,918,1262,185,482,106,760,278,951,399,2075,443,65,186,858,2676,563,419,305,392,1398,935,177,561,434,133,712,1802,1503,254,459,837,165,231,167,574,551,128,446,1028,402,220,207,1789,997,2286,563,330,155,518,768,899
Erlang,129,134,651,478,52,65,87,112,401,167,128,112,149,84,150,125,363,273,197,241,62,102,72,105,64,77,70,106,71,59,198,136,473,62,115,125,201,405,156,651,172,89,62,117,149,51,97,70,572,238,226,89,379,71,152,186,66,60,110,243,276,463,75,79,133,253,109,95,178,81,170,151,208,293,390,124,81,314,146,169,81,103,54,195,76,147,103,474,131,35,62,159,382,92,106,59,128,272,272,61,217,152,59,186,358,255,107,100,171,72,104,61,131,149,45,94,246,90,63,79,311,160,425,158,87,56,119,190,184
Express,2451,2513,15010,10351,1237,91,1660,1961,7514,4828,4484,2460,1112,501,924,2717,4583,3297,3934,3723,110,461,255,220,1413,390,94,1587,219,606,3301,2216,8690,481,1685,2684,2421,369,644,172,15010,163,642,4392,2545,345,2094,1367,13868,2088,4846,482,11586,428,387,5508,441,312,1756,5104,5899,14163,128,949,1562,3059,202,1938,3226,686,3406,3109,8765,8451,7400,955,1449,13207,4106,2893,555,1629,231,4625,1606,2428,323,7161,1823,117,404,2847,7386,867,606,480,3235,9936,4484,692,1208,1008,287,1188,8055,4947,419,2149,3791,807,974,717,1755,1254,180,885,8998,1749,587,639,4135,4561,13291,4073,2608,526,2469,5153,5541
F#,634,483,804,582,81,61,283,493,318,187,217,142,105,82,134,113,329,258,639,290,65,76,49,89,64,61,61,102,77,57,155,95,470,52,102,134,172,102,108,89,163,804,57,114,126,45,96,69,691,188,196,69,458,60,142,138,62,58,130,239,280,568,73,85,139,206,95,59,140,99,428,452,222,278,304,103,89,337,274,178,83,119,54,166,79,155,83,393,304,48,51,165,394,90,114,74,111,357,200,264,112,70,39,189,480,323,98,82,148,85,107,56,136,116,38,93,428,147,88,125,223,545,703,163,102,151,123,196,216
FastAPI,334,337,2447,1857,248,65,223,279,1418,598,480,272,399,280,192,434,1000,615,486,651,49,165,85,76,147,100,51,261,63,111,603,990,1838,103,349,358,637,109,202,62,642,57,2447,479,1352,97,334,197,2227,520,936,130,1373,210,108,717,146,103,892,802,814,1697,97,525,234,812,75,211,483,176,655,480,1032,1203,914,253,213,995,569,1276,110,299,101,464,201,1220,101,1604,315,60,106,1136,2198,278,240,181,322,1063,997,132,193,188,85,341,1362,1154,148,306,628,186,155,125,691,414,67,548,913,237,132,144,923,584,1898,642,300,107,292,568,620
Firebase,1889,2117,11373,8433,695,94,1492,1547,4994,6037,3469,1834,616,448,757,2325,2679,2808,3155,3156,93,370,177,183,1350,318,85,2454,277,345,2223,1865,5083,380,1123,2564,1611,211,445,117,4392,114,479,11373,1905,269,3096,873,10053,1277,5766,381,7988,375,254,3602,399,248,1665,4373,5465,9204,139,1007,2181,1836,152,1563,2229,717,2648,2646,4920,6576,5128,525,1655,6621,3637,2475,758,1457,245,3630,1320,2112,226,4468,1259,76,253,2594,5529,691,596,493,2644,5802,2453,491,828,704,221,654,5742,4767,254,1536,3290,507,1424,482,1775,660,165,842,5422,1635,537,586,2530,3954,9409,2692,1653,673,3007,3091,3957
Flask,1275,1357,10174,6762,1090,73,760,870,4902,2687,1654,1009,1313,815,893,2093,4146,3152,2200,3343,82,428,239,195,474,238,77,929,167,232,1885,3881,6255,283,1077,1824,1884,236,756,149,2545,126,1352,1905,10174,163,1284,505,9205,1745,3286,412,6273,669,380,2915,392,213,3417,3468,3993,7140,231,1866,952,2361,242,761,2049,805,2283,1891,3752,5405,4397,870,876,4138,2944,5282,307,1148,207,2224,673,4779,399,5472,1280,98,324,4619,9632,1259,973,751,1178,3959,2903,379,815,639,199,1047,5602,4950,430,1249,2983,379,516,326,2639,1148,132,1761,2979,1146,448,500,3899,2727,7796,1931,1005,302,1081,1935,3063
Flow,250,287,929,694,92,60,211,212,476,375,258,208,135,110,99,234,312,222,315,267,42,86,89,44,124,75,45,109,55,90,218,176,552,78,133,230,187,64,100,51,345,45,97,269,163,929,168,122,814,147,357,63,621,90,61,261,88,66,166,343,384,731,38,97,153,252,47,160,217,79,328,302,357,529,401,96,145,520,323,207,98,193,78,322,163,174,60,426,190,53,101,207,431,100,85,89,281,548,290,86,144,127,68,99,501,363,67,160,292,81,129,94,161,142,58,114,426,168,103,92,303,366,715,237,167,116,223,374,365
Flutter,1202,1264,6586,4367,346,66,821,898,2612,4457,1646,915,401,276,510,1330,1549,1900,1980,2085,58,213,123,114,660,161,77,4364,159,273,1312,1301,3066,213,502,1494,755,193,325,97,2094,96,334,3096,1284,168,6586,381,5849,1026,2728,229,4209,268,193,1849,249,137,1071,2902,3260,4837,109,702,1578,1095,102,1031,1397,421,1456,1469,2565,3742,2338,425,911,3197,2047,1633,418,868,155,2131,830,1402,134,2605,729,56,162,1715,3574,567,344,302,1468,2810,1329,358,463,399,159,630,3298,3049,166,933,1786,350,840,320,1171,385,99,577,2591,1118,439,298,1543,2439,5565,1623,875,496,1801,1536,2141
Gatsby,396,371,2501,1900,182,45,301,351,1426,723,677,430,271,124,134,450,849,439,581,470,44,111,91,90,220,94,45,279,55,175,754,478,1631,183,406,328,493,137,162,70,1367,69,197,873,505,122,381,2501,2334,445,944,111,2045,98,104,991,115,68,299,748,828,2342,52,200,259,619,62,360,587,124,637,496,1195,1333,1177,246,211,1852,554,479,146,246,79,774,325,431,82,1366,356,58,137,481,1190,146,125,109,777,2224,835,144,376,345,110,259,1228,834,109,345,639,260,219,201,351,364,69,178,1655,267,126,110,770,634,2194,754,466,119,531,1318,902
Git,13237,13719,68171,39707,6835,280,8251,9989,26095,15518,12848,6377,5158,2483,3967,9036,20467,14495,19289,16666,318,1611,890,1357,3068,962,360,4406,1172,959,8611,8420,33439,1342,4688,10829,8603,1281,3849,572,13868,691,2227,10053,9205,814,5849,2334,68171,7288,14606,2291,39564,1884,1551,11782,1152,1182,8856,21017,24934,46360,910,4294,6137,11268,971,5716,10870,3219,14565,15770,17613,30072,43771,3794,4842,25339,19996,14249,1990,7431,791,15480,5508,11851,1743,25789,7844,328,1214,13472,33813,4281,3347,2570,6402,22952,13532,2996,5041,4067,1112,5352,33364,19924,1913,8380,14403,1599,3622,2209,7027,5101,582,4271,22683,6028,1974,2829,18090,22059,49921,10972,6019,2433,7951,12401,18769
Go,1296,1136,7879,5735,945,74,629,918,4378,1787,1433,752,1496,480,749,1076,3788,2335,1961,2372,86,536,313,298,355,313,145,905,181,315,1737,1355,6011,204,1176,1061,2053,452,730,238,2088,188,520,1277,1745,147,1026,445,7288,7879,2781,541,4320,383,414,1506,255,178,1089,3187,3314,5595,183,577,1095,3140,246,695,1763,360,1854,1372,2764,3701,4592,1011,495,3773,1608,1834,337,765,186,1885,733,1553,431,4584,1081,143,349,1823,4975,653,468,289,923,3301,3167,475,1143,789,249,1621,4148,2892,484,1204,1718,444,551,339,1069,1775,133,687,3278,755,340,294,3327,1829,6038,1817,956,271,999,2003,1858
Google Cloud Platform,2660,2876,16687,16687,1322,145,1798,2002,8533,5884,3885,2194,1622,994,1091,2920,5349,3943,4121,4371,154,707,374,423,1309,444,122,2109,338,403,3338,2835,9410,528,1609,3123,2969,448,997,226,4846,196,936,5766,3286,357,2728,944,14606,2781,16687,671,10397,795,413,3925,685,376,2916,5982,7098,12298,273,1727,2266,4591,261,1812,3315,1012,4515,3588,5942,9083,7813,965,1683,8055,4816,4449,775,2034,449,4691,1639,3926,534,7594,1969,173,491,4027,9358,1104,1142,871,2532,6940,4418,698,1488,1243,368,1342,8706,6073,663,2254,4315,619,1384,713,2858,1973,244,1712,6590,1911,750,858,4771,4930,12618,3411,1948,777,3113,3889,5205
Groovy,382,419,2479,1742,488,59,244,261,1341,708,620,372,583,249,194,429,1391,592,600,613,77,217,153,123,160,121,60,214,104,61,324,287,1790,90,406,712,711,80,210,89,482,69,130,381,412,63,229,111,2291,541,671,2479,1404,218,119,340,107,147,303,1636,1922,1714,61,152,683,939,98,136,550,149,629,635,798,1222,1586,147,271,1079,933,429,149,637,99,511,186,387,182,1271,520,43,149,603,1412,159,160,111,248,836,754,154,314,175,86,218,1523,799,259,1058,640,72,208,95,257,515,77,160,976,213,86,179,1030,625,1643,390,322,104,335,486,746
HTML/CSS,9780,10608,46259,26570,3665,234,7229,7783,16935,11730,10800,5611,2880,1287,2946,7244,13968,10171,14833,11385,302,886,532,639,2793,651,308,3204,898,785,6497,6238,20417,1220,2959,8255,5473,813,2012,379,11586,458,1373,7988,6273,621,4209,2045,39564,4320,10397,1404,46259,1035,1038,9393,876,873,5526,13107,17354,40818,427,2606,3706,6284,655,4995,8717,2330,10261,12256,13328,23812,28624,2118,4269,21795,15420,8693,1358,5531,619,14704,4721,7123,1288,17064,6406,200,780,8893,22361,2605,2176,1598,5178,18479,8895,1979,3590,2920,758,2892,27005,14269,937,5240,10979,1367,2339,1912,4513,2693,442,2520,18681,4832,1585,2621,10977,16807,35937,9173,4770,1929,5583,9489,17761
Hadoop,332,387,2155,1631,430,57,291,266,1239,599,493,357,409,1193,226,456,904,687,497,733,68,351,143,84,179,163,50,165,77,73,294,539,1438,112,360,721,663,76,210,71,428,60,210,375,669,90,268,98,1884,383,795,218,1035,2155,98,400,181,172,896,1179,1330,1207,94,597,268,805,94,208,501,279,727,715,917,1387,781,154,364,744,902,1185,107,674,107,487,217,1204,142,1161,319,54,150,919,1674,240,434,376,264,665,663,111,204,173,84,167,1482,819,544,601,715,88,147,119,696,343,75,489,537,224,117,192,900,639,1440,355,244,124,277,557,645
Haskell,360,332,1749,923,99,81,174,225,666,437,276,187,202,132,446,315,908,925,546,840,65,109,66,164,99,72,72,180,84,104,313,313,967,70,158,336,253,174,401,152,387,142,108,254,380,61,193,104,1551,414,413,119,1038,98,1749,391,83,63,377,731,919,1173,141,208,313,328,222,128,336,234,337,292,487,702,1127,367,151,739,414,675,109,182,64,413,144,485,141,865,273,42,65,448,1258,233,257,154,206,680,380,139,256,157,56,560,834,706,216,231,359,102,157,90,331,165,54,268,655,271,114,121,780,487,1208,336,170,105,202,356,403
Heroku,1728,1836,12897,8390,737,86,1179,1329,6220,4130,2800,1562,806,457,855,2855,3491,3003,2942,3342,91,380,261,310,905,275,145,1376,176,386,2966,2954,6498,407,1039,2409,1820,465,671,186,5508,138,717,3602,2915,261,1849,991,11782,1506,3925,340,9393,400,391,12897,435,234,2163,4198,4943,10876,173,1178,1311,1990,202,1540,2314,721,2557,2264,6060,7087,5811,945,1356,7493,3384,3252,474,1410,252,3590,1219,2823,270,7107,1269,85,289,3196,7129,898,692,563,2407,7108,3615,496,2205,2036,523,891,6600,4970,354,1657,3914,555,843,498,1862,906,194,1012,5207,1562,562,570,3524,3768,10721,3010,1662,469,1955,3950,4591
IBM Cloud or Watson,277,322,1373,1042,223,76,242,227,755,523,406,313,208,206,204,367,528,488,397,504,64,145,95,64,176,116,58,179,75,92,339,345,776,123,186,469,294,72,137,66,441,62,146,399,392,88,249,115,1152,255,685,107,876,181,83,435,1373,250,460,526,713,962,68,307,192,452,71,192,359,182,588,428,589,831,551,105,247,669,560,592,124,327,179,443,172,541,116,628,271,50,101,445,926,197,214,172,246,554,354,84,176,158,71,139,783,585,99,282,448,87,156,110,422,148,71,278,484,240,138,163,460,504,1040,315,219,146,276,300,494
IBM DB2,347,460,1438,886,325,72,338,291,575,385,518,333,198,173,182,264,540,402,495,422,149,127,86,65,149,105,51,93,142,66,209,207,734,102,164,659,285,55,144,60,312,58,103,248,213,66,137,68,1182,178,376,147,873,172,63,234,250,1438,261,630,929,986,53,131,150,384,67,146,371,136,500,761,435,811,833,97,274,527,767,317,102,625,111,378,154,302,140,632,318,40,106,318,678,139,159,127,150,415,292,84,136,117,66,97,1031,531,110,511,352,63,106,88,188,146,64,134,527,130,78,255,447,575,1007,245,177,114,215,241,604
IPython/Jupyter,1167,1375,10310,5997,1141,94,785,778,3994,2848,1327,821,814,1115,967,2513,3791,3455,2069,3863,88,374,159,176,348,162,58,769,130,170,1185,2754,5013,200,753,2446,1315,142,836,110,1756,130,892,1665,3417,166,1071,299,8856,1089,2916,303,5526,896,377,2163,460,261,10310,3840,4142,5863,483,2828,846,1743,240,574,1458,1471,2130,2079,2924,4987,5509,745,1211,3237,3646,7449,286,1422,208,1838,622,6838,335,4163,1287,69,218,5067,9579,1210,1749,1499,925,2991,1771,339,516,393,167,860,5465,4059,536,1048,3237,232,469,210,3765,719,152,2503,2185,1146,461,628,3541,3203,7646,1250,889,286,1058,1472,2507
IntelliJ,3606,3929,23467,14139,2740,122,2208,2449,9887,8464,5487,2801,2195,1498,1744,4413,7493,5849,5900,6505,165,1048,429,746,1241,551,106,2222,365,403,3037,3125,13014,525,2200,6386,3860,429,1406,243,5104,239,802,4373,3468,343,2902,748,21017,3187,5982,1636,13107,1179,731,4198,526,630,3840,23467,17177,15853,257,1720,4623,5301,384,1983,4387,1320,4637,4878,7113,12151,15112,1327,3162,9234,8126,5275,850,4126,384,5482,2787,4374,585,10383,2559,137,521,7734,12491,1565,1179,1041,2503,8369,5072,1584,1438,1077,573,2074,12482,7551,1591,7086,6330,585,1487,915,2877,2237,299,1635,8417,2761,961,1025,7002,7178,16505,3869,3951,896,3161,4328,6593
Java,4708,5543,29162,16419,3366,169,3202,3216,11045,10836,6546,3574,2354,1584,2634,5016,9280,8776,8218,9538,273,1144,473,642,1561,604,159,2540,596,412,3274,3598,13871,612,2284,10032,4055,362,1638,276,5899,280,814,5465,3993,384,3260,828,24934,3314,7098,1922,17354,1330,919,4943,713,929,4142,17177,29162,20378,324,2172,5206,5423,527,2295,5353,1945,5709,6694,8484,15862,19157,1409,4350,11324,10906,6499,1247,5866,541,7495,2426,5193,963,11498,3457,116,579,7325,15599,1993,1681,1254,3021,9357,5197,1275,1769,1189,447,2105,16293,9749,1419,8642,7342,602,1972,958,3614,2076,311,2032,9356,3535,1215,1636,7962,9652,20589,4247,3236,1169,3846,4475,8815
JavaScript,11143,11818,53587,32242,4597,265,8048,8911,21209,13262,12533,6581,3640,1562,3112,7765,15460,10845,16624,12326,319,1204,664,878,3196,828,355,3646,959,919,7727,6948,25370,1310,3928,9038,6967,1082,2358,463,14163,568,1697,9204,7140,731,4837,2342,46360,5595,12298,1714,40818,1207,1173,10876,962,986,5863,15853,20378,53587,473,2890,4482,8321,698,5657,9804,2327,12104,13875,16149,26842,32744,2613,4502,26262,16610,9535,1605,6281,680,15965,5341,7888,1400,20940,6944,248,934,9728,24974,2831,2273,1626,6461,23071,11395,2330,4393,3582,941,3599,29709,15984,1261,6626,12059,1565,2789,2155,5047,3566,500,2773,22542,5172,1673,2687,12954,18498,41880,10974,5843,2101,6580,11668,19990
Julia,130,134,1068,513,104,64,69,74,364,195,105,78,88,111,181,317,470,436,213,482,60,74,45,94,54,54,63,111,70,60,163,166,451,43,84,147,119,89,203,75,128,73,97,139,231,38,109,52,910,183,273,61,427,94,141,173,68,53,483,257,324,473,1068,234,138,161,112,67,154,279,195,151,214,351,739,173,82,280,242,642,73,115,57,176,72,513,99,385,152,35,42,285,856,161,341,220,93,251,162,55,125,78,41,240,409,372,107,84,244,69,95,45,313,73,47,300,223,106,76,99,414,249,760,148,84,53,110,139,178
Keras,635,700,4930,3135,506,57,412,425,2028,1545,700,427,343,635,531,1130,1686,1888,1118,2200,57,239,92,101,241,128,57,492,85,112,677,1404,2532,117,376,1137,708,108,368,79,949,85,525,1007,1866,97,702,200,4294,577,1727,152,2606,597,208,1178,307,131,2828,1720,2172,2890,234,4930,504,928,146,337,753,858,1163,978,1719,2565,2198,313,587,1664,1651,4580,160,658,116,956,322,4023,160,2018,631,48,115,2354,4640,729,995,769,583,1535,916,179,269,221,89,462,2557,1972,288,547,1514,153,283,144,4173,306,74,2211,1119,727,283,281,1589,1588,3623,670,413,166,523,713,1173
Kotlin,1207,1283,6866,4390,606,77,709,826,2871,4581,1468,785,547,331,580,1164,2147,1865,2003,2049,88,297,150,201,428,183,89,1312,160,185,950,909,3488,152,662,1440,1028,197,436,133,1562,139,234,2181,952,153,1578,259,6137,1095,2266,683,3706,268,313,1311,192,150,846,4623,5206,4482,138,504,6866,1448,164,657,1294,420,1470,1371,2111,3380,4185,435,777,2969,2014,1327,592,966,152,1717,700,1071,224,2945,806,60,163,1808,3413,516,374,262,1044,2495,1453,529,587,377,169,791,3448,3240,401,1766,1734,252,1215,253,885,667,119,477,2655,981,377,313,1861,2113,4730,1217,941,426,1673,1354,1668
Kubernetes,2443,2080,12115,10063,1789,89,1380,2085,7283,2498,2995,1482,2419,1035,606,1526,5230,2129,3151,2316,103,913,482,475,668,466,107,770,184,337,2211,1825,11080,334,1646,1987,3771,515,934,253,3059,206,812,1836,2361,252,1095,619,11268,3140,4591,939,6284,805,328,1990,452,384,1743,5301,5423,8321,161,928,1448,12115,239,886,2396,442,3991,2999,4429,5661,6416,930,828,5383,3206,2664,393,1813,293,2315,963,2497,471,7180,1796,223,601,2749,6617,611,631,472,1395,5014,5035,777,1415,1171,364,1322,6690,3565,871,2846,2595,405,638,531,1631,3091,203,995,5207,846,382,437,4535,3137,8992,2313,1448,505,1498,2963,2985
LISP,198,220,1096,591,107,83,130,120,452,250,162,134,177,113,333,196,668,619,301,525,74,86,62,236,76,61,59,102,95,63,227,200,600,75,114,243,196,112,653,109,202,95,75,152,242,47,102,62,971,246,261,98,655,94,222,202,71,67,240,384,527,698,112,146,164,239,1096,88,256,189,233,226,284,455,704,202,145,420,275,402,110,175,66,296,85,291,168,543,182,38,67,226,756,190,191,117,126,376,259,67,211,129,53,281,568,484,132,140,210,76,116,71,210,139,55,175,345,133,81,141,466,276,567,176,97,73,149,208,288
Laravel,933,1167,6377,4049,232,64,827,776,3068,2395,1778,1196,538,253,378,1287,1588,1261,1667,1443,79,193,143,76,792,163,60,727,188,146,1975,1025,3306,510,456,1319,1054,135,248,95,1938,59,211,1563,761,160,1031,360,5716,695,1812,136,4995,208,128,1540,192,146,574,1983,2295,5657,67,337,657,886,88,6377,2892,311,1260,1581,2287,5661,3561,230,1171,3226,2257,924,319,800,168,5811,2836,811,255,2555,712,55,219,1261,2578,428,269,219,1142,2667,1960,253,452,430,158,249,4456,2617,127,714,2465,228,474,1056,642,347,128,324,2359,729,300,391,1642,2029,5020,3010,1053,363,1086,1726,3919
